header: 
  seq: 7
  stamp: 
    secs: 1384187282
    nsecs: 513622553
  frame_id: ''
child_frame_id: ''
pose: 
  pose: 
    position: 
      x: 0.425573
      y: 0.14575
      z: 0.4
    orientation: 
      x: 1.0
      y: 0.0
      z: 0.0
      w: 0.0
  covariance: [13.903, 0.0, 0.0, 0.0, 0.0, 0.0, 0.0, 14.202, 0.0, 0.0, 0.0, 0.0, 0.0, 0.0, 43.7, 0.0, 0.0, 0.0, 0.0, 0.0, 0.0, 99999.0, 0.0, 0.0, 0.0, 0.0, 0.0, 0.0, 99999.0, 0.0, 0.0, 0.0, 0.0, 0.0, 0.0, 99999.0]
twist: 
  twist: 
    linear: 
      x: 0.0
      y: 0.0
      z: 0.0
    angular: 
      x: 0.0
      y: 0.0
      z: 0.0
  covariance: [0.0, 0.0, 0.0, 0.0, 0.0, 0.0, 0.0, 0.0, 0.0, 0.0, 0.0, 0.0, 0.0, 0.0, 0.0, 0.0, 0.0, 0.0, 0.0, 0.0, 0.0, 0.0, 0.0, 0.0, 0.0, 0.0, 0.0, 0.0, 0.0, 0.0, 0.0, 0.0, 0.0, 0.0, 0.0, 0.0]
