header: 
  seq: 7
  stamp: 
    secs: 1384187282
    nsecs: 513622553
  frame_id: ''
child_frame_id: ''
pose: 
  pose: 
    position: 
      x: -0.265
      y: -0.0
      z: 0.10
    orientation: 
      x: 1.0
      y: 0.0
      z: 0.0
      w: 0.0
  covariance: [1300.903, 0.0, 0.0, 0.0, 0.0, 0.0, 0.0, 1004.202, 0.0, 0.0, 0.0, 0.0, 0.0, 0.0, 4003.7, 0.0, 0.0, 0.0, 0.0, 0.0, 0.0, 99999.0, 0.0, 0.0, 0.0, 0.0, 0.0, 0.0, 99999.0, 0.0, 0.0, 0.0, 0.0, 0.0, 0.0, 99999.0]
twist: 
  twist: 
    linear: 
      x: 0.0
      y: 0.0
      z: 0.0
    angular: 
      x: 0.0
      y: 0.0
      z: 0.0
  covariance: [0.0, 0.0, 0.0, 0.0, 0.0, 0.0, 0.0, 0.0, 0.0, 0.0, 0.0, 0.0, 0.0, 0.0, 0.0, 0.0, 0.0, 0.0, 0.0, 0.0, 0.0, 0.0, 0.0, 0.0, 0.0, 0.0, 0.0, 0.0, 0.0, 0.0, 0.0, 0.0, 0.0, 0.0, 0.0, 0.0]
